0 0.413203 0.421875 0.180929 0.338068
0 0.217604 0.421875 0.180929 0.338068
0 0.056235 0.428977 0.112469 0.323864
0 0.498778 0.103693 0.156479 0.207386
0 0.205379 0.103693 0.156479 0.207386
0 0.587787 0.460802 0.072933 0.312624
0 0.664083 0.460394 0.072430 0.314925
0 0.508830 0.459006 0.078216 0.315412
0 0.042953 0.458599 0.071496 0.313768
0 0.426019 0.458065 0.079012 0.316744
0 0.269038 0.455999 0.068456 0.324916
0 0.025671 0.831624 0.051343 0.335865
0 0.098834 0.832378 0.080305 0.333400
0 0.524589 0.832714 0.082589 0.331311
0 0.269699 0.832841 0.078389 0.334318
0 0.938769 0.835947 0.075840 0.325737
0 0.857545 0.835399 0.077823 0.327833
0 0.775313 0.833623 0.075081 0.332754
0 0.694676 0.833549 0.076773 0.332903
0 0.611622 0.833500 0.079377 0.333000
0 0.352983 0.833024 0.077616 0.333952
0 0.438090 0.833018 0.078988 0.332069
0 0.184977 0.832939 0.080761 0.333348
0 0.344575 0.455357 0.072151 0.322098
0 0.194527 0.455199 0.073178 0.324569
0 0.380774 0.122385 0.063921 0.244770
0 0.514093 0.121596 0.064352 0.243193
0 0.447315 0.121259 0.060911 0.242518
0 0.649969 0.121408 0.065986 0.242816
0 0.581680 0.121038 0.063787 0.242076
0 0.114133 0.121130 0.062904 0.242260
0 0.313256 0.122377 0.064749 0.244754
0 0.245752 0.121793 0.062438 0.243585
0 0.117831 0.454836 0.071271 0.323904
0 0.739141 0.454361 0.068832 0.320971
0 0.811781 0.453594 0.069730 0.322980
0 0.885004 0.453387 0.069377 0.323039
0 0.958218 0.450966 0.070313 0.327166
0 0.851026 0.122559 0.063575 0.245117
0 0.917773 0.122081 0.062988 0.244162
0 0.784872 0.121097 0.062249 0.242195
0 0.047097 0.121883 0.063733 0.243766
0 0.975904 0.120874 0.048191 0.241747
0 0.718084 0.121831 0.063703 0.243662
0 0.180027 0.121804 0.062179 0.243608
