0 0.586797 0.421875 0.180929 0.338068
0 0.782396 0.421875 0.180929 0.338068
0 0.943765 0.428977 0.112469 0.323864
0 0.501222 0.103693 0.156479 0.207386
0 0.794621 0.103693 0.156479 0.207386
0 0.412213 0.460802 0.072933 0.312624
0 0.335917 0.460394 0.072430 0.314925
0 0.491170 0.459006 0.078216 0.315412
0 0.957047 0.458599 0.071496 0.313768
0 0.573981 0.458065 0.079012 0.316744
0 0.730962 0.455999 0.068456 0.324916
0 0.974329 0.831624 0.051343 0.335865
0 0.901166 0.832378 0.080305 0.333400
0 0.475411 0.832714 0.082589 0.331311
0 0.730301 0.832841 0.078389 0.334318
0 0.061231 0.835947 0.075840 0.325737
0 0.142455 0.835399 0.077823 0.327833
0 0.224687 0.833623 0.075081 0.332754
0 0.305324 0.833549 0.076773 0.332903
0 0.388378 0.833500 0.079377 0.333000
0 0.647017 0.833024 0.077616 0.333952
0 0.561910 0.833018 0.078988 0.332069
0 0.815023 0.832939 0.080761 0.333348
0 0.655425 0.455357 0.072151 0.322098
0 0.805473 0.455199 0.073178 0.324569
0 0.619226 0.122385 0.063921 0.244770
0 0.485907 0.121596 0.064352 0.243193
0 0.552685 0.121259 0.060911 0.242518
0 0.350031 0.121408 0.065986 0.242816
0 0.418320 0.121038 0.063787 0.242076
0 0.885867 0.121130 0.062904 0.242260
0 0.686744 0.122377 0.064749 0.244754
0 0.754248 0.121793 0.062438 0.243585
0 0.882169 0.454836 0.071271 0.323904
0 0.260859 0.454361 0.068832 0.320971
0 0.188219 0.453594 0.069730 0.322980
0 0.114996 0.453387 0.069377 0.323039
0 0.041782 0.450966 0.070313 0.327166
0 0.148974 0.122559 0.063575 0.245117
0 0.082227 0.122081 0.062988 0.244162
0 0.215128 0.121097 0.062249 0.242195
0 0.952903 0.121883 0.063733 0.243766
0 0.024096 0.120874 0.048191 0.241747
0 0.281916 0.121831 0.063703 0.243662
0 0.819973 0.121804 0.062179 0.243608
