0 0.384561 0.183509 0.050902 0.194156
0 0.437003 0.192966 0.048610 0.178702
0 0.332034 0.185799 0.049271 0.191263
0 0.225181 0.182190 0.054401 0.199231
0 0.185665 0.495873 0.063646 0.270935
0 0.279593 0.180314 0.050416 0.202245
0 0.487134 0.180006 0.046103 0.204602
0 0.533809 0.175263 0.043050 0.215239
0 0.675589 0.173929 0.046076 0.218478
0 0.319427 0.495360 0.064246 0.270900
0 0.864377 0.495217 0.064879 0.272451
0 0.049860 0.494190 0.062700 0.267737
0 0.732729 0.494076 0.064919 0.272847
0 0.798717 0.493573 0.063710 0.275697
0 0.930724 0.493294 0.063635 0.275007
0 0.388979 0.493114 0.068493 0.270323
0 0.660501 0.491758 0.066133 0.274624
0 0.525014 0.491351 0.060823 0.274864
0 0.591165 0.491027 0.063532 0.274635
0 0.459813 0.490769 0.060478 0.274758
0 0.062347 0.816761 0.124694 0.281250
0 0.731051 0.830966 0.156479 0.281250
0 0.174817 0.511364 0.144254 0.267045
0 0.443765 0.525568 0.144254 0.267045
0 0.309291 0.213068 0.119804 0.238636
0 0.579991 0.171838 0.044552 0.223994
0 0.627237 0.170766 0.045904 0.228737
0 0.831841 0.170126 0.049370 0.229075
0 0.119946 0.170067 0.050249 0.227570
0 0.019454 0.170044 0.038908 0.229546
0 0.067039 0.169851 0.051333 0.230237
0 0.727090 0.169744 0.050372 0.227546
0 0.779754 0.168971 0.049164 0.228218
0 0.884434 0.168730 0.050186 0.227283
0 0.171819 0.168315 0.048690 0.229703
0 0.937322 0.168002 0.048920 0.228558
0 0.252062 0.495681 0.061921 0.271556
0 0.117297 0.495893 0.065055 0.270275
0 0.600522 0.855770 0.064395 0.276551
0 0.668286 0.855758 0.064153 0.276096
0 0.533511 0.855195 0.061322 0.273158
0 0.469499 0.855065 0.059782 0.272988
0 0.737021 0.854873 0.061900 0.278474
0 0.801551 0.853844 0.061911 0.278289
0 0.866899 0.853440 0.060491 0.278775
0 0.930989 0.853014 0.060325 0.280711
0 0.137700 0.857719 0.062904 0.269083
0 0.018650 0.858694 0.037301 0.269782
0 0.336855 0.862323 0.062651 0.266716
0 0.271332 0.862099 0.063922 0.265776
0 0.204737 0.861183 0.063733 0.265165
0 0.404105 0.860763 0.064386 0.267789
0 0.071807 0.858787 0.062179 0.269641
0 0.431540 0.213068 0.119804 0.238636
