0 0.286064 0.103693 0.156479 0.207386
0 0.641935 0.119016 0.075982 0.238033
0 0.936582 0.456225 0.067949 0.317137
0 0.864449 0.455380 0.068647 0.315173
0 0.268129 0.836041 0.075117 0.326604
0 0.188158 0.835947 0.075840 0.325737
0 0.106934 0.835399 0.077823 0.327833
0 0.348027 0.835382 0.076212 0.324843
0 0.793980 0.835111 0.066820 0.325007
0 0.986599 0.834951 0.026802 0.330097
0 0.575537 0.834454 0.068431 0.325620
0 0.722630 0.834374 0.067908 0.325624
0 0.865405 0.834290 0.068296 0.326633
0 0.031121 0.833623 0.062242 0.332754
0 0.936583 0.833599 0.066782 0.329255
0 0.648972 0.833549 0.070028 0.327103
0 0.503860 0.833309 0.069695 0.327792
0 0.429362 0.833041 0.072294 0.326769
0 0.792744 0.454879 0.067812 0.316187
0 0.299126 0.119906 0.062142 0.239812
0 0.943100 0.120624 0.071132 0.241247
0 0.363420 0.120077 0.058947 0.240154
0 0.426210 0.120648 0.060762 0.241296
0 0.490395 0.120034 0.062235 0.240068
0 0.868323 0.120292 0.070122 0.240584
0 0.796287 0.120107 0.069343 0.240214
0 0.721066 0.119316 0.073663 0.238633
0 0.563029 0.119280 0.075085 0.238560
0 0.720848 0.454847 0.068336 0.322444
0 0.649014 0.454339 0.067729 0.325233
0 0.061170 0.453594 0.069730 0.322980
0 0.134393 0.453387 0.069377 0.323039
0 0.576225 0.451749 0.071387 0.329152
0 0.501560 0.451232 0.070685 0.329692
0 0.207607 0.450966 0.070313 0.327166
0 0.427177 0.450856 0.070695 0.329303
0 0.280839 0.450503 0.069089 0.328037
0 0.353969 0.449865 0.068899 0.330309
0 0.100414 0.122559 0.063575 0.245117
0 0.167162 0.122081 0.062988 0.244162
0 0.034261 0.121097 0.062249 0.242195
0 0.233058 0.120874 0.063721 0.241747
