0 0.898248 0.923715 0.032426 0.146546
0 0.754185 0.104862 0.020331 0.110946
0 0.268029 0.277913 0.025681 0.162872
0 0.347867 0.277746 0.025853 0.161375
0 0.025464 0.277691 0.025963 0.161879
0 0.135062 0.277535 0.025294 0.160773
0 0.078748 0.277513 0.025545 0.161700
0 0.240041 0.277419 0.025325 0.160680
0 0.052085 0.277364 0.024473 0.161383
0 0.106567 0.277223 0.026936 0.162354
0 0.775131 0.110266 0.019416 0.102115
0 0.733205 0.106171 0.019680 0.109293
0 0.690526 0.104108 0.021729 0.113847
0 0.674743 0.283356 0.025421 0.154820
0 0.712259 0.103036 0.020137 0.115568
0 0.795154 0.102860 0.018414 0.116915
0 0.813797 0.100150 0.017195 0.122993
0 0.244792 0.099746 0.022241 0.123698
0 0.870426 0.099388 0.018403 0.124844
0 0.224116 0.099360 0.023080 0.124764
0 0.266271 0.098991 0.022607 0.124409
0 0.204284 0.098887 0.019679 0.122146
0 0.435337 0.098843 0.021186 0.128440
0 0.285086 0.098485 0.024209 0.125115
0 0.320743 0.277925 0.024474 0.162792
0 0.295086 0.278112 0.024832 0.166747
0 0.161540 0.278314 0.024933 0.163457
0 0.187344 0.278501 0.024423 0.161336
0 0.728170 0.283063 0.025661 0.154800
0 0.945830 0.282981 0.025913 0.155686
0 0.563592 0.282674 0.025832 0.154645
0 0.620501 0.282395 0.025043 0.152993
0 0.893248 0.282329 0.025930 0.155913
0 0.591598 0.282229 0.027634 0.154110
0 0.919605 0.282042 0.025447 0.157541
0 0.510316 0.281899 0.025775 0.154539
0 0.972330 0.281882 0.025417 0.157147
0 0.428026 0.281819 0.024066 0.155545
0 0.755950 0.281779 0.027357 0.154470
0 0.482214 0.281754 0.028034 0.156623
0 0.536874 0.281752 0.025227 0.155228
0 0.454045 0.281394 0.025326 0.154738
0 0.376197 0.281152 0.025380 0.158106
0 0.402431 0.281013 0.024881 0.155422
0 0.864399 0.281005 0.026415 0.156928
0 0.810284 0.280772 0.024294 0.157065
0 0.836706 0.280587 0.025376 0.156934
0 0.784242 0.280440 0.024156 0.157004
0 0.213374 0.278553 0.024519 0.161586
0 0.351374 0.098442 0.019832 0.129108
0 0.372018 0.098384 0.019935 0.129445
0 0.499343 0.098289 0.020540 0.130034
0 0.105982 0.085816 0.024612 0.149172
0 0.159590 0.085654 0.025740 0.149718
0 0.132592 0.085612 0.025868 0.149914
0 0.768066 0.880682 0.077148 0.193182
0 0.924316 0.884740 0.077148 0.185065
0 0.536133 0.669643 0.072266 0.193182
0 0.614258 0.669643 0.072266 0.193182
0 0.692383 0.673701 0.072266 0.185065
0 0.287109 0.466721 0.062500 0.160714
0 0.501953 0.466721 0.062500 0.160714
0 0.619141 0.466721 0.062500 0.160714
0 0.892578 0.474838 0.062500 0.160714
0 0.091797 0.280032 0.062500 0.160714
0 0.396973 0.288149 0.057617 0.160714
0 0.455566 0.288149 0.057617 0.160714
0 0.562988 0.292208 0.057617 0.152597
0 0.670410 0.292208 0.057617 0.152597
0 0.777832 0.300325 0.057617 0.152597
0 0.335938 0.109578 0.052734 0.144481
0 0.428711 0.109578 0.052734 0.144481
0 0.584961 0.117695 0.052734 0.144481
0 0.724121 0.121753 0.047852 0.136364
0 0.026247 0.085732 0.026329 0.149850
0 0.052988 0.085886 0.024907 0.150081
0 0.457224 0.098271 0.020183 0.129934
0 0.079568 0.086048 0.025330 0.149638
0 0.478202 0.098268 0.019758 0.129756
0 0.414058 0.098204 0.019797 0.128059
0 0.330697 0.098197 0.019676 0.127830
0 0.832242 0.098193 0.017795 0.127997
0 0.393236 0.098186 0.020757 0.129068
0 0.308833 0.097982 0.022465 0.127968
0 0.542296 0.097729 0.021876 0.132125
0 0.183526 0.097612 0.020127 0.122365
0 0.851113 0.097580 0.018335 0.130707
0 0.585731 0.097512 0.019860 0.129889
0 0.932835 0.097215 0.019719 0.130900
0 0.648494 0.097181 0.020070 0.130040
0 0.564938 0.097180 0.019446 0.130744
0 0.520387 0.097175 0.019894 0.131121
0 0.606315 0.097168 0.019622 0.131169
0 0.627362 0.097058 0.020503 0.131564
0 0.890996 0.096997 0.020119 0.130026
0 0.912031 0.096555 0.019637 0.130410
0 0.953841 0.096417 0.020045 0.129876
0 0.669213 0.096180 0.019447 0.131259
0 0.974966 0.096001 0.019539 0.130604
0 0.701263 0.283247 0.024732 0.155175
0 0.647436 0.283367 0.025984 0.154443
0 0.932317 0.923637 0.032789 0.148364
0 0.839871 0.694716 0.030654 0.171351
0 0.728866 0.903257 0.030507 0.191649
0 0.864095 0.902431 0.032479 0.192782
0 0.762735 0.901595 0.031620 0.196288
0 0.795569 0.901363 0.030065 0.196305
0 0.829423 0.900920 0.033404 0.195008
0 0.936729 0.695700 0.030672 0.169274
0 0.808297 0.695618 0.029042 0.170197
0 0.904633 0.695535 0.030547 0.169141
0 0.968973 0.695522 0.031117 0.168359
0 0.872163 0.694891 0.031241 0.170610
0 0.777675 0.693451 0.029077 0.176178
0 0.144969 0.479106 0.030348 0.170969
0 0.746718 0.693438 0.029853 0.177218
0 0.466401 0.691887 0.029131 0.178642
0 0.435928 0.691654 0.028930 0.179957
0 0.497938 0.690860 0.031241 0.180236
0 0.684016 0.690628 0.028556 0.179296
0 0.531014 0.690323 0.031558 0.180997
0 0.714736 0.690225 0.029757 0.178554
0 0.027283 0.689271 0.027140 0.181221
0 0.593714 0.689142 0.027342 0.185666
0 0.056094 0.688788 0.027419 0.180099
0 0.696170 0.903785 0.031010 0.191923
0 0.661696 0.904216 0.032075 0.190514
0 0.491644 0.904408 0.032987 0.189321
0 0.593450 0.904481 0.031310 0.191039
0 0.967348 0.921636 0.033063 0.151764
0 0.993118 0.912991 0.013733 0.168228
0 0.294273 0.906309 0.030003 0.186631
0 0.326214 0.906255 0.030292 0.186135
0 0.358656 0.905942 0.031084 0.187333
0 0.262360 0.905932 0.030440 0.185625
0 0.084241 0.905778 0.026689 0.185718
0 0.006329 0.905686 0.012658 0.188627
0 0.171490 0.905402 0.027332 0.186069
0 0.112739 0.905357 0.027123 0.186071
0 0.055712 0.905308 0.027278 0.186648
0 0.391501 0.904928 0.029988 0.190145
0 0.027283 0.904914 0.026674 0.188146
0 0.142159 0.904885 0.027970 0.186916
0 0.423708 0.904885 0.030664 0.190230
0 0.456882 0.904857 0.031704 0.190286
0 0.200118 0.904748 0.027837 0.187310
0 0.229874 0.904595 0.028875 0.186725
0 0.560186 0.904585 0.031001 0.190830
0 0.526192 0.904582 0.031549 0.189754
0 0.627289 0.904536 0.032257 0.190484
0 0.563544 0.688775 0.028818 0.184056
0 0.623475 0.688685 0.029228 0.185468
0 0.084734 0.688502 0.027085 0.180678
0 0.281892 0.490562 0.024820 0.150089
0 0.549086 0.490102 0.025531 0.156676
0 0.495836 0.489707 0.025703 0.155664
0 0.522508 0.489430 0.024329 0.155446
0 0.441565 0.489304 0.026356 0.156039
0 0.468841 0.489218 0.025478 0.155364
0 0.840443 0.489011 0.025720 0.158029
0 0.867509 0.489004 0.025624 0.157769
0 0.813678 0.488683 0.024493 0.156090
0 0.788110 0.488609 0.023878 0.155993
0 0.894963 0.488499 0.024724 0.159128
0 0.920737 0.487911 0.024728 0.159023
0 0.946837 0.487680 0.024161 0.159300
0 0.972436 0.487436 0.024095 0.160406
0 0.024680 0.485569 0.028411 0.161715
0 0.256212 0.484930 0.023544 0.161744
0 0.231133 0.484912 0.024269 0.163086
0 0.205496 0.483232 0.024858 0.165042
0 0.054547 0.482382 0.028008 0.167332
0 0.083319 0.481269 0.027697 0.169134
0 0.113363 0.479327 0.029422 0.171212
0 0.176485 0.479247 0.029990 0.171289
0 0.655585 0.490125 0.025125 0.153761
0 0.576053 0.490647 0.025862 0.155568
0 0.113450 0.688484 0.027294 0.184254
0 0.603015 0.490682 0.024939 0.154161
0 0.654108 0.688478 0.028467 0.185088
0 0.405949 0.688207 0.027492 0.183412
0 0.142142 0.688194 0.027052 0.185847
0 0.376935 0.687768 0.027851 0.184560
0 0.347689 0.687650 0.027710 0.184594
0 0.171215 0.686714 0.028513 0.188087
0 0.201037 0.686418 0.028233 0.188395
0 0.318446 0.686267 0.028084 0.186952
0 0.230747 0.686204 0.028237 0.188173
0 0.289196 0.686002 0.027595 0.187450
0 0.259987 0.685637 0.027519 0.188748
0 0.361260 0.492957 0.025393 0.151362
0 0.334600 0.492839 0.025158 0.150507
0 0.735130 0.492756 0.025024 0.152409
0 0.708960 0.492628 0.025531 0.151872
0 0.387683 0.492303 0.024863 0.149330
0 0.682361 0.492105 0.025456 0.151523
0 0.761991 0.491865 0.025717 0.153022
0 0.308280 0.491754 0.025451 0.149917
0 0.414359 0.491653 0.025444 0.152308
0 0.629266 0.490736 0.024835 0.154081
0 0.772949 0.121753 0.047852 0.136364
