0 0.333835 0.486349 0.064296 0.285025
0 0.133947 0.486055 0.064727 0.282407
0 0.941137 0.485959 0.065003 0.283288
0 0.666740 0.485687 0.063327 0.281354
0 0.807732 0.485648 0.063957 0.282975
0 0.403907 0.485484 0.063405 0.281189
0 0.874486 0.485387 0.061272 0.282421
0 0.738081 0.485140 0.067440 0.284119
0 0.392011 0.174555 0.055683 0.216471
0 0.443779 0.173879 0.057785 0.218337
0 0.338235 0.173235 0.056600 0.217716
0 0.493430 0.173052 0.049271 0.213756
0 0.291130 0.172349 0.060611 0.218951
0 0.201857 0.486369 0.061275 0.284886
0 0.266092 0.486696 0.062171 0.291808
0 0.600446 0.487050 0.062424 0.286050
0 0.535844 0.487377 0.061148 0.282337
0 0.063017 0.492017 0.063544 0.276685
0 0.470673 0.487467 0.061386 0.282776
0 0.125167 0.172274 0.049654 0.225939
0 0.073480 0.172172 0.049911 0.226529
0 0.739546 0.150179 0.061620 0.261051
0 0.605330 0.149895 0.064444 0.262006
0 0.672923 0.149822 0.064764 0.262349
0 0.286064 0.816761 0.156479 0.281250
0 0.775061 0.490057 0.156479 0.281250
0 0.041565 0.504261 0.083130 0.281250
0 0.163814 0.191761 0.132029 0.252841
0 0.939176 0.150031 0.065918 0.262237
0 0.872225 0.150301 0.062359 0.262642
0 0.805678 0.150585 0.063419 0.261866
0 0.176935 0.171845 0.049262 0.223702
0 0.023171 0.171826 0.046342 0.225869
0 0.231674 0.171469 0.056245 0.223944
0 0.545401 0.170822 0.050392 0.214139
0 0.641935 0.838435 0.075982 0.299196
0 0.299126 0.858484 0.062142 0.262656
0 0.943100 0.849746 0.071132 0.283002
0 0.363420 0.848628 0.058947 0.283052
0 0.426210 0.848596 0.060762 0.285401
0 0.490395 0.845657 0.062235 0.288824
0 0.868323 0.844169 0.070122 0.292831
0 0.796287 0.842221 0.069343 0.295985
0 0.721066 0.838822 0.073663 0.299621
0 0.563029 0.838683 0.075085 0.299756
0 0.100414 0.862675 0.063575 0.264883
0 0.167162 0.862468 0.062988 0.263388
0 0.034261 0.861531 0.062249 0.261327
0 0.233058 0.860569 0.063721 0.262355
