0 0.615439 0.183509 0.050902 0.194156
0 0.562997 0.192966 0.048610 0.178702
0 0.667966 0.185799 0.049271 0.191263
0 0.774819 0.182190 0.054401 0.199231
0 0.814335 0.495873 0.063646 0.270935
0 0.720407 0.180314 0.050416 0.202245
0 0.512866 0.180006 0.046103 0.204602
0 0.466191 0.175263 0.043050 0.215239
0 0.324411 0.173929 0.046076 0.218478
0 0.680573 0.495360 0.064246 0.270900
0 0.135623 0.495217 0.064879 0.272451
0 0.950140 0.494190 0.062700 0.267737
0 0.267271 0.494076 0.064919 0.272847
0 0.201283 0.493573 0.063710 0.275697
0 0.069276 0.493294 0.063635 0.275007
0 0.611021 0.493114 0.068493 0.270323
0 0.339499 0.491758 0.066133 0.274624
0 0.474986 0.491351 0.060823 0.274864
0 0.408835 0.491027 0.063532 0.274635
0 0.540187 0.490769 0.060478 0.274758
0 0.937653 0.816761 0.124694 0.281250
0 0.268949 0.830966 0.156479 0.281250
0 0.825183 0.511364 0.144254 0.267045
0 0.556235 0.525568 0.144254 0.267045
0 0.690709 0.213068 0.119804 0.238636
0 0.420009 0.171838 0.044552 0.223994
0 0.372763 0.170766 0.045904 0.228737
0 0.168159 0.170126 0.049370 0.229075
0 0.880054 0.170067 0.050249 0.227570
0 0.980546 0.170044 0.038908 0.229546
0 0.932961 0.169851 0.051333 0.230237
0 0.272910 0.169744 0.050372 0.227546
0 0.220246 0.168971 0.049164 0.228218
0 0.115566 0.168730 0.050186 0.227283
0 0.828181 0.168315 0.048690 0.229703
0 0.062678 0.168002 0.048920 0.228558
0 0.747938 0.495681 0.061921 0.271556
0 0.882703 0.495893 0.065055 0.270275
0 0.399478 0.855770 0.064395 0.276551
0 0.331714 0.855758 0.064153 0.276096
0 0.466489 0.855195 0.061322 0.273158
0 0.530501 0.855065 0.059782 0.272988
0 0.262979 0.854873 0.061900 0.278474
0 0.198449 0.853844 0.061911 0.278289
0 0.133101 0.853440 0.060491 0.278775
0 0.069011 0.853014 0.060325 0.280711
0 0.862300 0.857719 0.062904 0.269083
0 0.981350 0.858694 0.037301 0.269782
0 0.663145 0.862323 0.062651 0.266716
0 0.728668 0.862099 0.063922 0.265776
0 0.795263 0.861183 0.063733 0.265165
0 0.595895 0.860763 0.064386 0.267789
0 0.928193 0.858787 0.062179 0.269641
0 0.568460 0.213068 0.119804 0.238636
