0 0.884559 0.486055 0.064727 0.282407
0 0.026927 0.182190 0.053853 0.199231
0 0.066168 0.495873 0.063646 0.270935
0 0.665563 0.172976 0.053043 0.224769
0 0.952468 0.486369 0.061275 0.284886
0 0.344455 0.494680 0.064675 0.270628
0 0.201974 0.494190 0.062700 0.267737
0 0.274336 0.493901 0.069186 0.269693
0 0.477840 0.493324 0.064533 0.270444
0 0.683865 0.493184 0.060254 0.272203
0 0.548199 0.493069 0.070188 0.274090
0 0.411347 0.493066 0.063160 0.271649
0 0.618723 0.492440 0.063408 0.270792
0 0.813628 0.492017 0.063544 0.276685
0 0.747947 0.491773 0.062293 0.271988
0 0.875778 0.172274 0.049654 0.225939
0 0.824091 0.172172 0.049911 0.226529
0 0.505314 0.172005 0.051425 0.227559
0 0.498778 0.816761 0.156479 0.281250
0 0.205379 0.816761 0.156479 0.281250
0 0.761614 0.504261 0.144254 0.281250
0 0.614914 0.504261 0.144254 0.281250
0 0.345966 0.511364 0.144254 0.267045
0 0.077017 0.511364 0.144254 0.267045
0 0.914425 0.191761 0.132029 0.252841
0 0.682152 0.191761 0.132029 0.252841
0 0.290954 0.205966 0.132029 0.252841
0 0.610764 0.171974 0.050532 0.227385
0 0.558242 0.171970 0.049467 0.227072
0 0.718839 0.171856 0.049565 0.224104
0 0.927546 0.171845 0.049262 0.223702
0 0.770968 0.171826 0.051970 0.225869
0 0.977082 0.171469 0.045837 0.223944
0 0.397771 0.171025 0.054769 0.231219
0 0.289026 0.170645 0.049723 0.227306
0 0.131887 0.170067 0.050249 0.227570
0 0.341083 0.170064 0.048687 0.228802
0 0.452625 0.170056 0.049809 0.229462
0 0.237489 0.170044 0.049127 0.229546
0 0.184795 0.169851 0.051333 0.230237
0 0.080014 0.168315 0.048690 0.229703
0 0.134537 0.495893 0.065055 0.270275
0 0.380774 0.857679 0.063921 0.274183
0 0.514093 0.856987 0.064352 0.272411
0 0.447315 0.856503 0.060911 0.272031
0 0.649969 0.856281 0.065986 0.273069
0 0.581680 0.856132 0.063787 0.271888
0 0.114133 0.857719 0.062904 0.269083
0 0.313256 0.858632 0.064749 0.272243
0 0.245752 0.858694 0.062438 0.269782
0 0.851026 0.862675 0.063575 0.264883
0 0.917773 0.862468 0.062988 0.263388
0 0.784872 0.861531 0.062249 0.261327
0 0.047097 0.861183 0.063733 0.265165
0 0.975904 0.860569 0.048191 0.262355
0 0.718084 0.860392 0.063703 0.266539
0 0.180027 0.858787 0.062179 0.269641
