0 0.745247 0.866501 0.081183 0.256456
0 0.419315 0.791193 0.193154 0.338068
0 0.810513 0.798295 0.193154 0.323864
0 0.062347 0.421875 0.124694 0.338068
0 0.229829 0.428977 0.180929 0.323864
0 0.062347 0.103693 0.124694 0.207386
0 0.731051 0.110795 0.156479 0.221591
0 0.830545 0.866364 0.082092 0.259637
0 0.599089 0.465753 0.076748 0.299863
0 0.321170 0.830700 0.076379 0.335386
0 0.659738 0.829254 0.081318 0.337368
0 0.405967 0.827791 0.079166 0.343504
0 0.488173 0.827385 0.075273 0.343533
0 0.572931 0.826610 0.083633 0.341263
0 0.841589 0.467474 0.076793 0.296230
0 0.520039 0.467331 0.072713 0.297844
0 0.761232 0.467186 0.076478 0.295997
0 0.922318 0.467164 0.077906 0.294629
0 0.679938 0.466060 0.078217 0.298567
0 0.443373 0.463539 0.072799 0.308311
0 0.365866 0.463517 0.074741 0.310132
0 0.208881 0.458599 0.071496 0.313768
0 0.285793 0.457893 0.074501 0.312469
0 0.239310 0.831624 0.077638 0.335865
0 0.153000 0.832378 0.080305 0.333400
0 0.918250 0.862863 0.082778 0.265587
0 0.982769 0.847735 0.034382 0.294399
0 0.066857 0.832939 0.080761 0.333348
0 0.057306 0.455199 0.073178 0.324569
0 0.600522 0.122023 0.064395 0.244045
0 0.668286 0.121903 0.064153 0.243806
0 0.533511 0.120887 0.061322 0.241774
0 0.469499 0.120780 0.059782 0.241559
0 0.737021 0.122055 0.061900 0.244110
0 0.801551 0.121494 0.061911 0.242988
0 0.866899 0.121414 0.060491 0.242827
0 0.930989 0.121685 0.060325 0.243370
0 0.137700 0.121130 0.062904 0.242260
0 0.018650 0.121793 0.037301 0.243585
0 0.134003 0.454836 0.071271 0.323904
0 0.336855 0.122841 0.062651 0.245681
0 0.271332 0.122494 0.063922 0.244987
0 0.204737 0.121883 0.063733 0.243766
0 0.404105 0.122329 0.064386 0.244658
0 0.071807 0.121804 0.062179 0.243608
