0 0.115441 0.486055 0.064727 0.282407
0 0.973073 0.182190 0.053853 0.199231
0 0.933832 0.495873 0.063646 0.270935
0 0.334437 0.172976 0.053043 0.224769
0 0.047532 0.486369 0.061275 0.284886
0 0.655545 0.494680 0.064675 0.270628
0 0.798026 0.494190 0.062700 0.267737
0 0.725664 0.493901 0.069186 0.269693
0 0.522160 0.493324 0.064533 0.270444
0 0.316135 0.493184 0.060254 0.272203
0 0.451801 0.493069 0.070188 0.274090
0 0.588653 0.493066 0.063160 0.271649
0 0.381277 0.492440 0.063408 0.270792
0 0.186372 0.492017 0.063544 0.276685
0 0.252053 0.491773 0.062293 0.271988
0 0.124222 0.172274 0.049654 0.225939
0 0.175909 0.172172 0.049911 0.226529
0 0.494686 0.172005 0.051425 0.227559
0 0.501222 0.816761 0.156479 0.281250
0 0.794621 0.816761 0.156479 0.281250
0 0.238386 0.504261 0.144254 0.281250
0 0.385086 0.504261 0.144254 0.281250
0 0.654034 0.511364 0.144254 0.267045
0 0.922983 0.511364 0.144254 0.267045
0 0.085575 0.191761 0.132029 0.252841
0 0.317848 0.191761 0.132029 0.252841
0 0.709046 0.205966 0.132029 0.252841
0 0.389236 0.171974 0.050532 0.227385
0 0.441758 0.171970 0.049467 0.227072
0 0.281161 0.171856 0.049565 0.224104
0 0.072454 0.171845 0.049262 0.223702
0 0.229032 0.171826 0.051970 0.225869
0 0.022918 0.171469 0.045837 0.223944
0 0.602229 0.171025 0.054769 0.231219
0 0.710974 0.170645 0.049723 0.227306
0 0.868113 0.170067 0.050249 0.227570
0 0.658917 0.170064 0.048687 0.228802
0 0.547375 0.170056 0.049809 0.229462
0 0.762511 0.170044 0.049127 0.229546
0 0.815205 0.169851 0.051333 0.230237
0 0.919986 0.168315 0.048690 0.229703
0 0.865463 0.495893 0.065055 0.270275
0 0.619226 0.857679 0.063921 0.274183
0 0.485907 0.856987 0.064352 0.272411
0 0.552685 0.856503 0.060911 0.272031
0 0.350031 0.856281 0.065986 0.273069
0 0.418320 0.856132 0.063787 0.271888
0 0.885867 0.857719 0.062904 0.269083
0 0.686744 0.858632 0.064749 0.272243
0 0.754248 0.858694 0.062438 0.269782
0 0.148974 0.862675 0.063575 0.264883
0 0.082227 0.862468 0.062988 0.263388
0 0.215128 0.861531 0.062249 0.261327
0 0.952903 0.861183 0.063733 0.265165
0 0.024096 0.860569 0.048191 0.262355
0 0.281916 0.860392 0.063703 0.266539
0 0.819973 0.858787 0.062179 0.269641
