0 0.151740 0.151292 0.158976 0.302583
0 0.319836 0.151880 0.153279 0.300385
0 0.658057 0.152523 0.152569 0.302626
0 0.484462 0.163332 0.155941 0.277197
0 0.482709 0.362405 0.138355 0.099629
0 0.320821 0.362744 0.143679 0.099354
0 0.150091 0.365137 0.155674 0.102598
0 0.316549 0.513841 0.131375 0.215982
0 0.479846 0.514563 0.138965 0.212507
0 0.141667 0.515029 0.131780 0.212596
0 0.480353 0.683399 0.146839 0.105224
0 0.144175 0.787437 0.153925 0.308221
0 0.309360 0.801428 0.154366 0.279134
0 0.650983 0.806879 0.170429 0.278057
0 0.472869 0.830392 0.152349 0.226727
