0 0.424636 0.151188 0.156603 0.302376
0 0.585492 0.150699 0.155042 0.301397
0 0.747862 0.150577 0.159143 0.301154
0 0.096408 0.151292 0.158976 0.302583
0 0.263735 0.153720 0.153933 0.307439
0 0.098057 0.365137 0.155674 0.102598
0 0.266135 0.368752 0.146232 0.108352
0 0.754518 0.464519 0.163685 0.307593
0 0.588518 0.466803 0.154930 0.305730
0 0.424414 0.468038 0.152616 0.303316
0 0.262218 0.506083 0.151417 0.226983
0 0.106481 0.515029 0.131780 0.212596
0 0.268155 0.786217 0.154708 0.312900
0 0.431058 0.786759 0.150544 0.314248
0 0.592172 0.787037 0.152424 0.315256
0 0.103973 0.787437 0.153925 0.308221
0 0.753745 0.789265 0.156497 0.317229
