0 0.439527 0.138540 0.101202 0.151050
0 0.546424 0.138642 0.099976 0.151010
0 0.769298 0.138735 0.112254 0.152633
0 0.654608 0.138735 0.103905 0.151506
0 0.331682 0.139161 0.101219 0.150966
0 0.224872 0.139648 0.100333 0.151363
0 0.119137 0.139982 0.096017 0.149982
0 0.032660 0.140525 0.065321 0.150809
0 0.054305 0.345083 0.108611 0.219604
0 0.170306 0.345877 0.109204 0.217658
0 0.408944 0.346046 0.111918 0.220436
0 0.641859 0.346242 0.105576 0.222900
0 0.764088 0.346376 0.121678 0.223156
0 0.287185 0.346467 0.109526 0.216963
0 0.526709 0.347318 0.109429 0.224247
0 0.367683 0.529021 0.119268 0.126694
0 0.237861 0.529432 0.123903 0.127308
0 0.107800 0.530521 0.119067 0.128473
0 0.628063 0.602469 0.126228 0.252786
0 0.763489 0.602471 0.124519 0.252325
0 0.497032 0.603855 0.118025 0.257539
0 0.109053 0.632002 0.120993 0.201640
0 0.368189 0.649711 0.124561 0.163272
0 0.236515 0.654317 0.120567 0.156403
0 0.424636 0.872817 0.156603 0.254366
0 0.585492 0.873441 0.155042 0.253117
0 0.747862 0.873690 0.159143 0.252620
0 0.096408 0.873917 0.158976 0.252166
0 0.263735 0.873818 0.153933 0.252365
