0 0.036721 0.139648 0.073443 0.151363
0 0.129011 0.139982 0.096017 0.149982
0 0.667154 0.140127 0.102573 0.151711
0 0.234911 0.140525 0.104167 0.150809
0 0.344056 0.140655 0.102409 0.150961
0 0.451943 0.140819 0.102396 0.151533
0 0.559305 0.140926 0.100005 0.152110
0 0.313320 0.345078 0.111055 0.220685
0 0.194467 0.345083 0.109860 0.219604
0 0.430582 0.345641 0.104863 0.220153
0 0.077842 0.345877 0.109204 0.217658
0 0.673176 0.346064 0.115276 0.221662
0 0.549138 0.346131 0.115845 0.219719
0 0.036119 0.529432 0.072239 0.127308
0 0.140348 0.530521 0.119067 0.128473
0 0.533967 0.603099 0.125052 0.253615
0 0.271273 0.603152 0.128363 0.256946
0 0.671580 0.603411 0.127797 0.256852
0 0.404765 0.603588 0.122684 0.255392
0 0.139095 0.632002 0.120993 0.201640
0 0.035958 0.654317 0.071917 0.156403
0 0.151740 0.873917 0.158976 0.252166
0 0.319836 0.875597 0.153279 0.248805
0 0.658057 0.875358 0.152569 0.249283
0 0.484462 0.887120 0.155941 0.225760
