0 0.560473 0.138540 0.101202 0.151050
0 0.453576 0.138642 0.099976 0.151010
0 0.230702 0.138735 0.112254 0.152633
0 0.345392 0.138735 0.103905 0.151506
0 0.668318 0.139161 0.101219 0.150966
0 0.775128 0.139648 0.100333 0.151363
0 0.880863 0.139982 0.096017 0.149982
0 0.967340 0.140525 0.065321 0.150809
0 0.945695 0.345083 0.108611 0.219604
0 0.829694 0.345877 0.109204 0.217658
0 0.591056 0.346046 0.111918 0.220436
0 0.358141 0.346242 0.105576 0.222900
0 0.235912 0.346376 0.121678 0.223156
0 0.712815 0.346467 0.109526 0.216963
0 0.473291 0.347318 0.109429 0.224247
0 0.632317 0.529021 0.119268 0.126694
0 0.762139 0.529432 0.123903 0.127308
0 0.892200 0.530521 0.119067 0.128473
0 0.371937 0.602469 0.126228 0.252786
0 0.236511 0.602471 0.124519 0.252325
0 0.502968 0.603855 0.118025 0.257539
0 0.890947 0.632002 0.120993 0.201640
0 0.631811 0.649711 0.124561 0.163272
0 0.763485 0.654317 0.120567 0.156403
0 0.575364 0.872817 0.156603 0.254366
0 0.414508 0.873441 0.155042 0.253117
0 0.252138 0.873690 0.159143 0.252620
0 0.903592 0.873917 0.158976 0.252166
0 0.736265 0.873818 0.153933 0.252365
