0 0.575364 0.151188 0.156603 0.302376
0 0.414508 0.150699 0.155042 0.301397
0 0.252138 0.150577 0.159143 0.301154
0 0.903592 0.151292 0.158976 0.302583
0 0.736265 0.153720 0.153933 0.307439
0 0.901943 0.365137 0.155674 0.102598
0 0.733865 0.368752 0.146232 0.108352
0 0.245482 0.464519 0.163685 0.307593
0 0.411482 0.466803 0.154930 0.305730
0 0.575586 0.468038 0.152616 0.303316
0 0.737782 0.506083 0.151417 0.226983
0 0.893519 0.515029 0.131780 0.212596
0 0.731845 0.786217 0.154708 0.312900
0 0.568942 0.786759 0.150544 0.314248
0 0.407828 0.787037 0.152424 0.315256
0 0.896027 0.787437 0.153925 0.308221
0 0.246255 0.789265 0.156497 0.317229
