0 0.848260 0.151292 0.158976 0.302583
0 0.680164 0.151880 0.153279 0.300385
0 0.341943 0.152523 0.152569 0.302626
0 0.515538 0.163332 0.155941 0.277197
0 0.517291 0.362405 0.138355 0.099629
0 0.679179 0.362744 0.143679 0.099354
0 0.849909 0.365137 0.155674 0.102598
0 0.683451 0.513841 0.131375 0.215982
0 0.520154 0.514563 0.138965 0.212507
0 0.858333 0.515029 0.131780 0.212596
0 0.519647 0.683399 0.146839 0.105224
0 0.855825 0.787437 0.153925 0.308221
0 0.690640 0.801428 0.154366 0.279134
0 0.349017 0.806879 0.170429 0.278057
0 0.527131 0.830392 0.152349 0.226727
