0 0.963279 0.139648 0.073443 0.151363
0 0.870989 0.139982 0.096017 0.149982
0 0.332846 0.140127 0.102573 0.151711
0 0.765089 0.140525 0.104167 0.150809
0 0.655944 0.140655 0.102409 0.150961
0 0.548057 0.140819 0.102396 0.151533
0 0.440695 0.140926 0.100005 0.152110
0 0.686680 0.345078 0.111055 0.220685
0 0.805533 0.345083 0.109860 0.219604
0 0.569418 0.345641 0.104863 0.220153
0 0.922158 0.345877 0.109204 0.217658
0 0.326824 0.346064 0.115276 0.221662
0 0.450862 0.346131 0.115845 0.219719
0 0.963881 0.529432 0.072239 0.127308
0 0.859652 0.530521 0.119067 0.128473
0 0.466033 0.603099 0.125052 0.253615
0 0.728727 0.603152 0.128363 0.256946
0 0.328420 0.603411 0.127797 0.256852
0 0.595235 0.603588 0.122684 0.255392
0 0.860905 0.632002 0.120993 0.201640
0 0.964042 0.654317 0.071917 0.156403
0 0.848260 0.873917 0.158976 0.252166
0 0.680164 0.875597 0.153279 0.248805
0 0.341943 0.875358 0.152569 0.249283
0 0.515538 0.887120 0.155941 0.225760
