0 0.225337 0.079099 0.040421 0.086241
0 0.182641 0.079157 0.039931 0.086219
0 0.093624 0.079210 0.044835 0.087145
0 0.139432 0.079210 0.041501 0.086502
0 0.268411 0.079453 0.040428 0.086193
0 0.311072 0.079732 0.040074 0.086420
0 0.353303 0.079922 0.038350 0.085632
0 0.568242 0.080005 0.040969 0.086619
0 0.395600 0.080232 0.041605 0.086104
0 0.439194 0.080306 0.040903 0.086191
0 0.482285 0.080400 0.040898 0.086517
0 0.525166 0.080461 0.039943 0.086847
0 0.426918 0.197021 0.044356 0.125999
0 0.379447 0.197024 0.043879 0.125382
0 0.473753 0.197342 0.041883 0.125695
0 0.332866 0.197477 0.043617 0.124271
0 0.237552 0.197574 0.044701 0.125857
0 0.570647 0.197584 0.046042 0.126557
0 0.521106 0.197622 0.046269 0.125447
0 0.144524 0.197685 0.042168 0.127264
0 0.095705 0.197762 0.048599 0.127410
0 0.286183 0.197814 0.043746 0.123874
0 0.190516 0.198300 0.043707 0.128033
0 0.254032 0.302042 0.047636 0.072335
0 0.305884 0.302277 0.049488 0.072686
0 0.357831 0.302899 0.047557 0.073351
0 0.150034 0.343977 0.050417 0.144327
0 0.095944 0.343978 0.049734 0.144064
0 0.515046 0.344337 0.049947 0.144801
0 0.410124 0.344367 0.051269 0.146702
0 0.570010 0.344515 0.051043 0.146649
0 0.463442 0.344616 0.049001 0.145815
0 0.202369 0.344769 0.047140 0.147041
0 0.357331 0.360839 0.048325 0.115125
0 0.253830 0.370950 0.049751 0.093220
0 0.306422 0.373580 0.048155 0.089298
0 0.231284 0.513142 0.062548 0.174851
0 0.167037 0.513220 0.061925 0.173580
0 0.102185 0.513292 0.063563 0.173157
0 0.362382 0.513830 0.063496 0.173714
0 0.429520 0.514643 0.061221 0.171503
0 0.564608 0.515010 0.060937 0.172783
0 0.295550 0.515159 0.061482 0.176600
0 0.495273 0.521181 0.062284 0.158265
0 0.494573 0.634841 0.055260 0.056883
0 0.429914 0.635035 0.057387 0.056726
0 0.361723 0.636402 0.062178 0.058578
0 0.294591 0.638465 0.058406 0.061863
0 0.099527 0.693143 0.065377 0.175619
0 0.165829 0.694447 0.061880 0.174555
0 0.231373 0.695152 0.060956 0.173177
0 0.296156 0.716874 0.060477 0.129595
0 0.428207 0.721303 0.052472 0.123314
0 0.493430 0.721715 0.055504 0.121330
0 0.358358 0.721982 0.052634 0.121381
0 0.493632 0.818112 0.058649 0.060077
0 0.293784 0.876815 0.061792 0.178649
0 0.228720 0.877125 0.060129 0.179419
0 0.164369 0.877284 0.060879 0.179994
0 0.359360 0.877512 0.061479 0.175978
0 0.099835 0.878556 0.062506 0.181121
0 0.425336 0.885500 0.061655 0.159370
0 0.561783 0.888612 0.068071 0.158755
0 0.490643 0.902037 0.060850 0.129449
