0 0.912371 0.967308 0.175257 0.065385
0 0.660600 0.964880 0.255356 0.070241
0 0.873162 0.580342 0.253676 0.555556
0 0.678309 0.580342 0.378676 0.555556
0 0.420956 0.576068 0.378676 0.547009
0 0.158088 0.576068 0.316176 0.529915
0 0.882353 0.129915 0.235294 0.259829
0 0.742647 0.134188 0.360294 0.268376
0 0.503676 0.138462 0.360294 0.276923
0 0.246324 0.142735 0.360294 0.285470
0 0.369973 0.960703 0.277658 0.078594
0 0.095877 0.959533 0.191754 0.080934
0 0.356314 0.667161 0.196386 0.344529
0 0.682325 0.515599 0.250865 0.362709
0 0.399084 0.515322 0.240585 0.354853
0 0.913912 0.502586 0.172177 0.332796
0 0.129927 0.498222 0.259854 0.310963
