0 0.714076 0.195312 0.129032 0.205078
0 0.626100 0.200195 0.129032 0.205078
0 0.494135 0.207520 0.129032 0.200195
0 0.398827 0.212402 0.129032 0.200195
0 0.274194 0.192871 0.129032 0.190430
0 0.178886 0.187988 0.129032 0.190430
0 0.090909 0.183105 0.129032 0.190430
0 0.706745 0.478516 0.143695 0.205078
0 0.611437 0.483398 0.143695 0.205078
0 0.508798 0.488281 0.143695 0.205078
0 0.398827 0.488281 0.143695 0.205078
0 0.303519 0.488281 0.143695 0.205078
0 0.200880 0.483398 0.143695 0.205078
0 0.105572 0.478516 0.143695 0.205078
0 0.048387 0.473633 0.096774 0.205078
0 0.706745 0.756836 0.158358 0.302734
0 0.589443 0.756836 0.158358 0.302734
0 0.472141 0.756836 0.158358 0.302734
0 0.354839 0.756836 0.158358 0.302734
0 0.233871 0.756836 0.151026 0.312500
0 0.131232 0.759277 0.151026 0.317383
0 0.052053 0.759277 0.104106 0.317383
0 0.684751 0.968262 0.114370 0.061523
0 0.582111 0.968262 0.114370 0.061523
